60
9988776655 44
198975626633448 2
46751915146034 12
12404161011214 31
189175006291050 96
644879374164905 0
73648392735714 87
1000000000000000 49
12345 90
1 0
471992847739380 67
418511498394915 63
503276159056390 100
1 50
61777191454450 84
741625921821564 10
42889990514313 64
1000000000000000 100
370355037092456 19
335051815437568 35
10 50
1000000000000000 1
420090257305162 2
178923561942573 10
143415604931875 65
10000000000 51
100 60
100 40
8921974665954 96
1337 7
1000000000000000 50
4 33
1 100
796629836654202 44
4 49
73684648566735 70
82121831459082 14
85616338568164 51
2920517244369 83
7444641544296 10
4 34
1000000000000000 51
4 50
3 0
10000000000 49
346384482591792 65
577252767344900 38
5 25
1000000000000000 0
5 26
58011279186903 94
3 100
822310114005962 74
5 24
12345 10
40776295502025 100
910699336568946 23
1000000000000000 99
12345 40
1768598382400 9
